4.617283950617284138e-01
4.111111111111110938e-01
4.419753086419753174e-01
4.259259259259259300e-01
3.987654320987654155e-01
3.876543209876543439e-01
3.777777777777777679e-01
3.814814814814814770e-01
3.876543209876543439e-01
4.049382716049382824e-01
3.814814814814814770e-01
3.753086419753086656e-01
4.074074074074073848e-01
3.901234567901234462e-01
4.024691358024691246e-01
3.913580246913579974e-01
3.950617283950617065e-01
3.777777777777777679e-01
3.987654320987654155e-01
3.592592592592592782e-01
3.839506172839506348e-01
3.506172839506173089e-01
3.395061728395061817e-01
3.283950617283950546e-01
3.308641975308642125e-01
3.395061728395061817e-01
3.246913580246913456e-01
3.172839506172839275e-01
3.123456790123456672e-01
3.160493827160493763e-01
2.925925925925925708e-01
3.024691358024691468e-01
2.753086419753086322e-01
2.987654320987654377e-01
2.703703703703703720e-01
2.592592592592592449e-01
2.716049382716049232e-01
2.395061728395061762e-01
1.827160493827160448e-01
1.827160493827160448e-01
