6.086419753086419471e-01
6.049382716049382935e-01
5.876543209876543550e-01
5.851851851851851416e-01
5.753086419753086211e-01
5.716049382716049676e-01
5.691358024691357542e-01
5.728395061728395188e-01
5.666666666666666519e-01
5.530864197530863668e-01
5.543209876543210290e-01
5.555555555555555802e-01
5.456790123456790598e-01
5.370370370370370905e-01
5.160493827160493874e-01
5.049382716049383157e-01
5.049382716049383157e-01
4.950617283950617398e-01
5.012345679012345512e-01
4.839506172839506126e-01
4.938271604938271331e-01
4.901234567901234795e-01
4.938271604938271331e-01
4.777777777777778012e-01
4.802469135802469036e-01
4.456790123456790265e-01
4.419753086419753174e-01
4.320987654320987414e-01
4.135802469135802517e-01
4.000000000000000222e-01
3.851851851851851860e-01
3.654320987654320896e-01
3.703703703703703498e-01
3.543209876543209624e-01
3.345679012345679215e-01
3.185185185185185341e-01
3.049382716049382491e-01
2.790123456790123413e-01
2.456790123456790154e-01
2.345679012345678882e-01
